tspan	bP	bD	CoRaDyn(bC)
0.1	0.0	0.0	0.9999999925868392
0.1046194325112993	0.0	0.0	0.9999999913070757
0.10945225658986313	0.0	0.0	0.9999999897828186
0.114508329715126	0.0	0.0	0.9999999879706126
0.11979796472613237	0.0	0.0	0.9999999858192954
0.1253319508565662	0.0	0.0	0.9999999832685997
0.13112157574148012	0.0	0.0	0.9999999802476488
0.13717864844060998	0.0	0.0	0.9999999766731543
0.1435155235252365	0.0	0.0	0.9999999724472006
0.15014512627772272	0.0	0.0	0.9999999674549265
0.15708097905512725	0.0	0.0	0.9999999615616448
0.16433722887066707	0.0	0.0	0.9999999546094842
0.171928676249287	0.0	0.0	0.9999999464135425
0.17987080541619316	0.0	0.0	0.9999999367574064
0.1881798158799247	0.0	0.0	0.9999999253879831
0.19687265547438512	0.0	0.0	0.999999912009445
0.2059670549272272	0.0	0.0	0.9999998962762741
0.2154815640251012	0.0	0.0	0.9999998777851695
0.225435589449533	0.0	0.0	0.9999998560657117
0.23584943436060396	0.0	0.0	0.9999998305695607
0.24674433980917324	0.0	0.0	0.9999998006579468
0.2581425280621091	0.0	0.0	0.9999997655872624
0.2700672479289001	0.0	0.0	0.9999997244924077
0.28254282218209903	0.0	0.0	0.9999996763675886
0.29559469716832154	0.0	0.0	0.999999620044133
0.3092494947109918	0.0	0.0	0.999999554164954
0.3235350664107001	0.0	0.0	0.9999994771551426
0.3384805504539299	0.0	0.0	0.9999993871880986
0.3541164310460236	0.0	0.0	0.9999992821465201
0.37047460058961645	0.0	0.0	0.9999991595775061
0.3875884247353594	0.0	0.0	0.999999016640976
0.40549281043761753	0.0	0.0	0.9999988500503009
0.4242242771539541	0.0	0.0	0.999998656004094
0.44382103133362844	0.0	0.0	0.9999984301078219
0.46432304434703797	0.0	0.0	0.9999981672837549
0.4857721340150598	0.0	0.0	0.999997861667588
0.508212049904584	0.0	0.0	0.9999975064897422
0.5316885625642169	0.0	0.0	0.9999970939391211
0.5562495568821684	0.0	0.0	0.9999966150068067
0.5819451297567417	0.0	0.0	0.9999960593067655
0.6088276922786476	0.0	0.0	0.9999954148702244
0.6369520766335609	0.0	0.0	0.9999946679099344
0.6663756479429677	0.0	0.0	0.9999938025499581
0.6971584212714266	0.0	0.0	0.999992800516027
0.7293631840389	0.0	0.0	0.999991640780801
0.7630556240878408	0.0	0.0	0.9999902991575581
0.7983044636662523	0.0	0.0	0.9999887478349158
0.8351815996000048	0.0	0.0	0.9999869548441727
0.8737622499403171	0.0	0.0	0.9999848834496636
0.9141251073855206	0.0	0.0	0.9999824914511589
0.9563524997900371	0.0	0.0	0.9999797303858056
1.0005305580879618	0.0	0.0	0.9999765446153808
1.0467493919737616	0.0	0.0	0.9999728704977907
1.0951032736984254	0.0	0.0	0.9999686470710141
1.1456908303559536	0.0	0.0	0.999963778550652
1.1986152450523917	0.0	0.0	0.9999581658596752
1.2539844673677318	0.0	0.0	0.9999517047796657
1.3119114335399604	0.0	0.0	0.9999442616237612
1.372514296820358	0.0	0.0	0.9999357001617677
1.435916668469909	0.0	0.0	0.9999258449066611
1.502247869888374	0.0	0.0	0.9999145166857178
1.571643196390299	0.0	0.0	0.9999014869500829
1.6442441931659761	0.0	0.0	0.999886517627484
1.7201989439902365	0.0	0.0	0.9998693141155703
1.7996623732679489	0.0	0.0	0.9998495581256773
1.8827965620323095	0.0	0.0	0.9998268715396432
1.9697710785404559	0.0	0.0	0.9998008309581542
2.0607633241407246	0.0	0.0	0.9997709476053644
2.155958895117014	0.0	0.0	0.9997366656665897
2.255551961248299	0.0	0.0	0.9996973487905365
2.359745661855452	0.0	0.0	0.9996522709508342
2.468752520143178	0.0	0.0	0.9996006029360807
2.5827948766821933	0.0	0.0	0.9995413984936738
2.7021053429158233	0.0	0.0	0.9994735779343547
2.826927275616033	0.0	0.0	0.9993959098090917
2.957515273256628	0.0	0.0	0.9993069900190384
3.094135695316087	0.0	0.0	0.9992052181802997
3.237067205569236	0.0	0.0	0.9990887708418619
3.3866013404759094	0.0	0.0	0.9989555711712113
3.543043103825952	0.0	0.0	0.998803254717736
3.7067115888534365	0.0	0.0	0.9986291306549875
3.8779406290890313	0.0	0.0	0.9984301384628733
4.057079479278055	0.0	0.0	0.9982028517207955
4.244493527753079	0.0	0.0	0.9979432435461111
4.4405650417141	0.0	0.0	0.9976468555203536
4.645693946936433	0.0	0.0	0.9973085671142468
4.860298643496678	0.0	0.0	0.9969225766469451
5.084816859180605	0.0	0.0	0.9964823763803298
5.319706542313622	0.0	0.0	0.9959804666157227
5.5654467958349745	0.0	0.0	0.995408283081977
5.8225388545208405	0.0	0.0	0.9947565846614134
6.091507107349612	0.0	0.0	0.9940143290461744
6.372900167094628	0.0	0.0	0.9931695429246594
6.667291989326045	0.0	0.0	0.992208503280108
6.975283043104228	0.0	0.0	0.9911154593913124
7.297501535752533	0.0	0.0	0.9898728684074269
7.634604694207653	0.0	0.0	0.988461108509731
7.987280105561064	0.0	0.0	0.986857849089544
8.356247119525895	0.0	0.0	0.9850382598465073
8.742258315689787	0.0	0.0	0.9829743917583796
9.146101038546528	0.0	0.0	0.9806348960084313
9.568599003437432	0.0	0.0	0.9779847701090983
10.010613976678084	0.0	0.0	0.9749845485613609
10.473047533297422	0.0	0.0	0.9715908025475732
10.956842895974395	0.0	0.0	0.9677546778175912
11.462986858923028	0.0	0.0	0.9634221814583745
11.992511800650082	0.0	0.0	0.9585333041174402
12.54649778969072	0.0	0.0	0.9530219572205731
13.126074787617146	0.0	0.0	0.946815216897084
13.732424953813796	0.0	0.0	0.939833228686161
14.366785056720046	0.0	0.0	0.9319881314155828
15.030448996458666	0.0	0.0	0.9231844902200436
15.724770443995341	0.0	0.0	0.9133186477053933
16.45116560221244	0.0	0.0	0.902279067879245
17.211116094528737	0.0	0.0	0.8899459545070153
18.00617198695687	0.0	0.0	0.8761920252411723
18.83795494976283	0.0	0.0	0.860882954404284
19.70816156517608	0.0	0.0	0.843878798910507
20.618566787897226	0.0	0.0	0.825035187726102
21.571027565461318	0.0	0.0	0.8042061254517087
22.567486625841564	0.0	0.0	0.7812466570979997
23.60997644001882	0.0	0.0	0.7560170781372292
24.70062336759916	0.0	0.0	0.7283879696765602
25.841651993935635	0.0	0.0	0.6982466653011661
27.035389667600317	0.0	0.0	0.6655049419691345
28.284271247461906	0.0	0.0	0.6301085022493526
29.59084406905125	0.0	0.0	0.5929571072980039
30.95777314034488	0.0	0.0	0.5619306062457354
32.38784657756426	0.0	0.0	0.5384162514646396
33.88398129207801	0.0	0.0	0.5218138002448349
35.44922894000685	0.0	0.0	0.5114507919800206
37.08678214666644	0.0	0.0	0.506563645632177
38.7999810185443	0.0	0.0	0.5062822132562107
40.59231995609291	0.0	0.0	0.5096156096099133
42.46745478123529	0.0	0.0	0.515446410628347
44.42921019412101	0.0	0.0	0.522533966207283
46.48158757434176	0.0	0.0	0.5295308647191218
48.62877314251897	0.0	0.0	0.5350129855603946
50.87514649891046	0.0	0.0	0.5375343208061735
53.225289556452296	0.0	0.0	0.5356969788699397
55.68399588645626	0.0	0.0	0.5282450959349617
58.256280496025774	0.0	0.0	0.5141733959671181
60.94739005713292	0.0	0.0	0.4928518473891797
63.76281360822053	0.0	0.0	0.47041609234598597
66.70829375015786	0.0	0.0	0.45768257594201045
69.78983835938568	0.0	0.0	0.4535473870233401
73.0137328421424	0.0	0.0	0.4559565416330187
76.38655295476556	0.0	0.0	0.46220101141693903
79.91517821621885	0.0	0.0	0.46905299523356825
83.60680594020165	0.0	0.0	0.4730074402449752
87.46896591546228	0.0	0.0	0.4706484307821893
91.50953576425847	0.0	0.0	0.4591424339761454
95.73675701029167	0.0	0.0	0.43958062213999455
100.15925188888872	0.0	0.0	0.4297061035746788
104.78604093371824	0.0	0.0	0.4305837958392777
109.62656137591384	0.0	0.0	0.4375437121193692
114.69068639313232	0.0	0.0	0.4442414260150513
119.98874524780891	0.0	0.0	0.44394806606436504
125.53154435568634	0.0	0.0	0.4313876919095733
131.33038932758905	0.0	0.0	0.4171232737453702
137.39710802940368	0.0	0.0	0.416518472620927
143.744074707299	0.0	0.0	0.42267226030730054
150.38423522739438	0.0	0.0	0.42583251254784577
157.3311334813575	0.0	0.0	0.4167531582562064
164.59893901179092	0.0	0.0	0.4039509677686484
172.20247591375534	0.0	0.0	0.40616290624168566
180.15725307137777	0.0	0.0	0.4121541820126613
188.47949579122078	0.0	0.0	0.4074150738909194
197.1861788969335	0.0	0.0	0.39478806424716323
206.2950613526873	0.0	0.0	0.3972113239158775
215.82472248601826	0.0	0.0	0.4001934242116674
225.7945998839587	0.0	0.0	0.38845017114130975
236.22502903975655	0.0	0.0	0.3865706168977778
247.13728483104535	0.0	0.0	0.39074857627065906
258.55362491407305	0.0	0.0	0.3801749381554613
270.4973351224967	0.0	0.0	0.3792667552583946
282.9927769633436	0.0	0.0	0.3801587019402141
296.06543730701713	0.0	0.0	0.3700169145555537
309.7419803726977	0.0	0.0	0.3733964224516951
324.05030211517646	0.0	0.0	0.36467166796314787
339.01958712404866	0.0	0.0	0.36512196880660913
354.68036815132973	0.0	0.0	0.3587000047252464
371.0645883889084	0.0	0.0	0.3579880231502531
388.20566662286467	0.0	0.0	0.35154378768428685
406.1385653975476	0.0	0.0	0.35141074142133755
424.89986232844615	0.0	0.0	0.3437154698035372
444.5278247093125	0.0	0.0	0.34402940543416316
465.0624875657062	0.0	0.0	0.3380722664004614
486.54573531417384	0.0	0.0	0.332586017889444
509.02138719361716	0.0	0.0	0.3317327173635928
532.535286643106	0.0	0.0	0.3265704875574776
557.1353948084381	0.0	0.0	0.32059342405905306
582.8718883681751	0.0	0.0	0.31633808665585117
609.7972618786788	0.0	0.0	0.31332536852711107
637.9664348469156	0.0	0.0	0.3095291471289105
667.4368637494114	0.0	0.0	0.30479549755059804
698.2686592258483	0.0	0.0	0.2999507904537951
730.524708686341	0.0	0.0	0.2950323749964321
764.2708045824718	0.0	0.0	0.2901735027370631
799.5757786037235	0.0	0.0	0.2850678132482338
836.5116420730187	0.0	0.0	0.2794663322267119
875.1537328277436	0.0	0.0	0.27351633936481623
915.5808688858381	0.0	0.0	0.26864489935012104
957.8755092103873	0.0	0.0	0.2640686737679491
1002.1239219006261	0.0	0.0	0.2578226902153515
1048.4163601524103	0.0	0.0	0.2527645535094156
1096.8472463470719	0.0	0.0	0.24708567690477104
1147.5153646441202	0.0	0.0	0.2417557938157969
1200.5240624706457	0.0	0.0	0.23561922272591346
1255.9814613183862	0.0	0.0	0.2303714057873067
1314.0006772784202	0.0	0.0	0.22477333204769828
1374.7000517633128	0.0	0.0	0.21890534854357002
1438.2033928873145	0.0	0.0	0.21307315248521486
1504.6402279969614	0.0	0.0	0.2073081228301295
1574.1460678671413	0.0	0.0	0.20153513336617493
1646.862683101536	0.0	0.0	0.19552276451034048
1722.9383933011848	0.0	0.0	0.18970632144395383
1802.5283695909982	0.0	0.0	0.1840969837845404
1885.7949511212785	0.0	0.0	0.17821574456193928
1972.9079761898142	0.0	0.0	0.17247374697919882
2064.045128659944	0.0	0.0	0.16691170129727909
2159.3923003811515	0.0	0.0	0.1613166797352997
2259.143970351453	0.0	0.0	0.15573995392891474
2363.5036013949266	0.0	0.0	0.15021736431397514
2472.6840551634946	0.0	0.0	0.14489226118666923
2586.9080263094315	0.0	0.0	0.139556964661614
2706.4084967141785	0.0	0.0	0.13441090718454404
2831.429210699961	0.0	0.0	0.12931205672868876
2962.225172193461	0.0	0.0	0.12433168309050253
3099.063164855658	0.0	0.0	0.11945860153566881
3242.2222962387027	0.0	0.0	0.1147075424706854
3391.994567079749	0.0	0.0	0.11010216186719493
3548.6854668929377	0.0	0.0	0.10563075439243515
3712.614597074341	0.0	0.0	0.10128172235160227
3884.116322790838	0.0	0.0	0.09706470358386621
4063.5404549825216	0.0	0.0	0.09300280341453943
4251.252963869785	0.0	0.0	0.08906853618242205
4447.636725420362	0.0	0.0	0.08527616838043339
4653.092302298919	0.0	0.0	0.08161962436032232
4868.038760892083	0.0	0.0	0.0781039196117504
5092.914526075379	0.0	0.0	0.0747218793061606
5328.1782754655915	0.0	0.0	0.07147343110692447
5574.309874982438	0.0	0.0	0.06835515976681486
5831.811357627945	0.0	0.0	0.06536477248478095
6101.2079474798575	0.0	0.0	0.06249886612238759
6383.049130987721	0.0	0.0	0.059752893650076966
6677.909777756777	0.0	0.0	0.057123831948207
6986.3913131057025	0.0	0.0	0.054607212156593005
7309.1229447899	0.0	0.0	0.05219943743478783
7646.762946392364	0.0	0.0	0.04989627191191065
8000.000000000004	0.0	0.0	0.04769351005558149
0.1	0.5	0.0	0.9999965865583244
0.1046194325112993	0.5	0.0	0.9999962888871318
0.10945225658986313	0.5	0.0	0.9999959609848914
0.114508329715126	0.5	0.0	0.9999956001806439
0.11979796472613237	0.5	0.0	0.9999952035352574
0.1253319508565662	0.5	0.0	0.999994767817345
0.13112157574148012	0.5	0.0	0.9999942894768186
0.13717864844060998	0.5	0.0	0.9999937646158514
0.1435155235252365	0.5	0.0	0.9999931889569023
0.15014512627772272	0.5	0.0	0.9999925578077179
0.15708097905512725	0.5	0.0	0.9999918660228374
0.16433722887066707	0.5	0.0	0.9999911079612387
0.171928676249287	0.5	0.0	0.9999902774399387
0.17987080541619316	0.5	0.0	0.9999893676831533
0.1881798158799247	0.5	0.0	0.9999883712664172
0.19687265547438512	0.5	0.0	0.9999872800552355
0.2059670549272272	0.5	0.0	0.999986085137861
0.2154815640251012	0.5	0.0	0.99998477675149
0.225435589449533	0.5	0.0	0.9999833442012119
0.23584943436060396	0.5	0.0	0.9999817757711493
0.24674433980917324	0.5	0.0	0.9999800586268808
0.2581425280621091	0.5	0.0	0.9999781787082587
0.2700672479289001	0.5	0.0	0.9999761206118208
0.28254282218209903	0.5	0.0	0.9999738674616151
0.29559469716832154	0.5	0.0	0.9999714007672648
0.3092494947109918	0.5	0.0	0.9999687002680682
0.3235350664107001	0.5	0.0	0.9999657437617198
0.3384805504539299	0.5	0.0	0.9999625069159889
0.3541164310460236	0.5	0.0	0.9999589630616839
0.37047460058961645	0.5	0.0	0.9999550829650099
0.3875884247353594	0.5	0.0	0.9999508345771362
0.40549281043761753	0.5	0.0	0.9999461827586361
0.4242242771539541	0.5	0.0	0.9999410889762311
0.44382103133362844	0.5	0.0	0.9999355109689473
0.46432304434703797	0.5	0.0	0.9999294023804455
0.4857721340150598	0.5	0.0	0.9999227123540307
0.508212049904584	0.5	0.0	0.9999153850864343
0.5316885625642169	0.5	0.0	0.999907359335988
0.5562495568821684	0.5	0.0	0.99989856788038
0.5819451297567417	0.5	0.0	0.9998889369186614
0.6088276922786476	0.5	0.0	0.9998783854115679
0.6369520766335609	0.5	0.0	0.9998668243535698
0.6663756479429677	0.5	0.0	0.999854155969381
0.6971584212714266	0.5	0.0	0.9998402728268162
0.7293631840389	0.5	0.0	0.9998250568569859
0.7630556240878408	0.5	0.0	0.99980837827187
0.7983044636662523	0.5	0.0	0.9997900943681703
0.8351815996000048	0.5	0.0	0.9997700482051286
0.8737622499403171	0.5	0.0	0.9997480671426321
0.9141251073855206	0.5	0.0	0.9997239612243999
0.9563524997900371	0.5	0.0	0.9996975213893425
1.0005305580879618	0.5	0.0	0.99966851749232
1.0467493919737616	0.5	0.0	0.9996366972706059
1.0951032736984254	0.5	0.0	0.9996018403806055
1.1456908303559536	0.5	0.0	0.9995635806306233
1.1986152450523917	0.5	0.0	0.9995215643698753
1.2539844673677318	0.5	0.0	0.9994754494999367
1.3119114335399604	0.5	0.0	0.9994247878421465
1.372514296820358	0.5	0.0	0.99936916887675
1.435916668469909	0.5	0.0	0.9993080442376158
1.502247869888374	0.5	0.0	0.9992409165791792
1.571643196390299	0.5	0.0	0.9991671199065221
1.6442441931659761	0.5	0.0	0.9990860388313275
1.7201989439902365	0.5	0.0	0.9989968778927222
1.7996623732679489	0.5	0.0	0.9988988587304009
1.8827965620323095	0.5	0.0	0.9987910443030653
1.9697710785404559	0.5	0.0	0.998672447346699
2.0607633241407246	0.5	0.0	0.9985419509847816
2.155958895117014	0.5	0.0	0.998398334347756
2.255551961248299	0.5	0.0	0.9982402399789354
2.359745661855452	0.5	0.0	0.998066169679447
2.468752520143178	0.5	0.0	0.997874464102102
2.5827948766821933	0.5	0.0	0.9976632874555448
2.7021053429158233	0.5	0.0	0.9974306073075501
2.826927275616033	0.5	0.0	0.9971741734817846
2.957515273256628	0.5	0.0	0.9968914941344159
3.094135695316087	0.5	0.0	0.9965798093849205
3.237067205569236	0.5	0.0	0.9962360620150931
3.3866013404759094	0.5	0.0	0.9958568649845823
3.543043103825952	0.5	0.0	0.9954384655349191
3.7067115888534365	0.5	0.0	0.99497670528413
3.8779406290890313	0.5	0.0	0.9944669771557926
4.057079479278055	0.5	0.0	0.9939042661287532
4.244493527753079	0.5	0.0	0.9932828006726713
4.4405650417141	0.5	0.0	0.992596311177445
4.645693946936433	0.5	0.0	0.9918379637146497
4.860298643496678	0.5	0.0	0.9909998681470897
5.084816859180605	0.5	0.0	0.9900736477042043
5.319706542313622	0.5	0.0	0.9890497786009224
5.5654467958349745	0.5	0.0	0.9879176789004349
5.8225388545208405	0.5	0.0	0.9866659831697719
6.091507107349612	0.5	0.0	0.9852818772119489
6.372900167094628	0.5	0.0	0.9837511079017841
6.667291989326045	0.5	0.0	0.9820581905361012
6.975283043104228	0.5	0.0	0.9801856458376775
7.297501535752533	0.5	0.0	0.9781145160409394
7.634604694207653	0.5	0.0	0.9758234688021313
7.987280105561064	0.5	0.0	0.9732895198938964
8.356247119525895	0.5	0.0	0.970487115146594
8.742258315689787	0.5	0.0	0.9673882236281419
9.146101038546528	0.5	0.0	0.963961992538425
9.568599003437432	0.5	0.0	0.9601745206220988
10.010613976678084	0.5	0.0	0.9559889450853196
10.473047533297422	0.5	0.0	0.951364662218779
10.956842895974395	0.5	0.0	0.9462577398102044
11.462986858923028	0.5	0.0	0.940620388677198
11.992511800650082	0.5	0.0	0.9344008186582844
12.54649778969072	0.5	0.0	0.9275431196220186
13.126074787617146	0.5	0.0	0.9199869301764587
13.732424953813796	0.5	0.0	0.9116676123670348
14.366785056720046	0.5	0.0	0.9025164187925061
15.030448996458666	0.5	0.0	0.8924602531891928
15.724770443995341	0.5	0.0	0.8814221257951513
16.45116560221244	0.5	0.0	0.8693217395217631
17.211116094528737	0.5	0.0	0.8560757091534678
18.00617198695687	0.5	0.0	0.8415985589102705
18.83795494976283	0.5	0.0	0.8258039750384208
19.70816156517608	0.5	0.0	0.8086060456162825
20.618566787897226	0.5	0.0	0.7899209473893818
21.571027565461318	0.5	0.0	0.7696693891927212
22.567486625841564	0.5	0.0	0.7477791892765263
23.60997644001882	0.5	0.0	0.7241882343397726
24.70062336759916	0.5	0.0	0.6988483389716168
25.841651993935635	0.5	0.0	0.6717294766906237
27.035389667600317	0.5	0.0	0.6428244336896147
28.284271247461906	0.5	0.0	0.6121540884003206
29.59084406905125	0.5	0.0	0.5797731265178111
30.95777314034488	0.5	0.0	0.5459799752144049
32.38784657756426	0.5	0.0	0.5160596200256636
33.88398129207801	0.5	0.0	0.4919602170977136
35.44922894000685	0.5	0.0	0.47307994642075624
37.08678214666644	0.5	0.0	0.4587844063862558
38.7999810185443	0.5	0.0	0.44840077120854727
40.59231995609291	0.5	0.0	0.44121532833890376
42.46745478123529	0.5	0.0	0.43647294815515036
44.42921019412101	0.5	0.0	0.43338223157368755
46.48158757434176	0.5	0.0	0.43112480059767977
48.62877314251897	0.5	0.0	0.4288717269755051
50.87514649891046	0.5	0.0	0.4258065175986071
53.225289556452296	0.5	0.0	0.4211566791868514
55.68399588645626	0.5	0.0	0.414232420649258
58.256280496025774	0.5	0.0	0.4044719920648109
60.94739005713292	0.5	0.0	0.3914910052059753
63.76281360822053	0.5	0.0	0.3751308322790075
66.70829375015786	0.5	0.0	0.35679548387229304
69.78983835938568	0.5	0.0	0.34269862444214305
73.0137328421424	0.5	0.0	0.3328834181900179
76.38655295476556	0.5	0.0	0.3262274902094343
79.91517821621885	0.5	0.0	0.3214105761934127
83.60680594020165	0.5	0.0	0.31701619559486116
87.46896591546228	0.5	0.0	0.3116727263454561
91.50953576425847	0.5	0.0	0.30421757083364026
95.73675701029167	0.5	0.0	0.29386626600183785
100.15925188888872	0.5	0.0	0.28061436326499095
104.78604093371824	0.5	0.0	0.2696029182773437
109.62656137591384	0.5	0.0	0.2619425041627313
114.69068639313232	0.5	0.0	0.2561641236948935
119.98874524780891	0.5	0.0	0.2505991490605782
125.53154435568634	0.5	0.0	0.24372404098686942
131.33038932758905	0.5	0.0	0.23452858991573103
137.39710802940368	0.5	0.0	0.22421680503547192
143.744074707299	0.5	0.0	0.21659594380973873
150.38423522739438	0.5	0.0	0.21051358188930042
157.3311334813575	0.5	0.0	0.20428904891785557
164.59893901179092	0.5	0.0	0.19661239593506458
172.20247591375534	0.5	0.0	0.18801198753595713
180.15725307137777	0.5	0.0	0.18130214286866966
188.47949579122078	0.5	0.0	0.17535714842279784
197.1861788969335	0.5	0.0	0.16876362146216814
206.2950613526873	0.5	0.0	0.16135326566437302
215.82472248601826	0.5	0.0	0.15520260851234038
225.7945998839587	0.5	0.0	0.14945787862576565
236.22502903975655	0.5	0.0	0.14307692389522175
247.13728483104535	0.5	0.0	0.137082876110375
258.55362491407305	0.5	0.0	0.13170034871229525
270.4973351224967	0.5	0.0	0.12601377195779362
282.9927769633436	0.5	0.0	0.12064394707399287
296.06543730701713	0.5	0.0	0.11564378957416034
309.7419803726977	0.5	0.0	0.11051348291442337
324.05030211517646	0.5	0.0	0.1058135188312334
339.01958712404866	0.5	0.0	0.1011601285032278
354.68036815132973	0.5	0.0	0.09673482590496045
371.0645883889084	0.5	0.0	0.09247878071153028
388.20566662286467	0.5	0.0	0.08838108067243944
406.1385653975476	0.5	0.0	0.08446007530016426
424.89986232844615	0.5	0.0	0.0807052163588394
444.5278247093125	0.5	0.0	0.07709738827533012
465.0624875657062	0.5	0.0	0.07366395842249897
486.54573531417384	0.5	0.0	0.07036214339854598
509.02138719361716	0.5	0.0	0.0672140402588424
532.535286643106	0.5	0.0	0.06420558753358453
557.1353948084381	0.5	0.0	0.06132701400280288
582.8718883681751	0.5	0.0	0.05857872204238694
609.7972618786788	0.5	0.0	0.05595489980799309
637.9664348469156	0.5	0.0	0.053448697896835824
667.4368637494114	0.5	0.0	0.051055147334367584
698.2686592258483	0.5	0.0	0.04876969618489784
730.524708686341	0.5	0.0	0.04658758498813737
764.2708045824718	0.5	0.0	0.044504120730076945
799.5757786037235	0.5	0.0	0.042514806618681136
836.5116420730187	0.5	0.0	0.04061534486789003
875.1537328277436	0.5	0.0	0.03880162731033343
915.5808688858381	0.5	0.0	0.037069727262160776
957.8755092103873	0.5	0.0	0.0354159029496215
1002.1239219006261	0.5	0.0	0.033836579653312916
1048.4163601524103	0.5	0.0	0.03232833724998625
1096.8472463470719	0.5	0.0	0.03088792323555927
1147.5153646441202	0.5	0.0	0.02951223817317998
1200.5240624706457	0.5	0.0	0.028198325752130802
1255.9814613183862	0.5	0.0	0.026943369022365063
1314.0006772784202	0.5	0.0	0.02574468300299831
1374.7000517633128	0.5	0.0	0.024599708238468816
1438.2033928873145	0.5	0.0	0.023506004834126903
1504.6402279969614	0.5	0.0	0.022461246517756616
1574.1460678671413	0.5	0.0	0.021463215207276978
1646.862683101536	0.5	0.0	0.020509795756642014
1722.9383933011848	0.5	0.0	0.01959897093557246
1802.5283695909982	0.5	0.0	0.018728816733832056
1885.7949511212785	0.5	0.0	0.017897497875743327
1972.9079761898142	0.5	0.0	0.017103263571563544
2064.045128659944	0.5	0.0	0.01634444348376814
2159.3923003811515	0.5	0.0	0.01561944389836722
2259.143970351453	0.5	0.0	0.014926744089850483
2363.5036013949266	0.5	0.0	0.014264892868869436
2472.6840551634946	0.5	0.0	0.013632505302567871
2586.9080263094315	0.5	0.0	0.013028259598221834
2706.4084967141785	0.5	0.0	0.012450894141274482
2831.429210699961	0.5	0.0	0.011899204679481223
2962.225172193461	0.5	0.0	0.011372041645345696
3099.063164855658	0.5	0.0	0.01086830760950181
3242.2222962387027	0.5	0.0	0.010386954858135882
3391.994567079749	0.5	0.0	0.009926983087945408
3548.6854668929377	0.5	0.0	0.009487437212509803
3712.614597074341	0.5	0.0	0.009067405274305074
3884.116322790838	0.5	0.0	0.008666016456921222
4063.5404549825216	0.5	0.0	0.008282439192351915
4251.252963869785	0.5	0.0	0.007915879358516415
4447.636725420362	0.5	0.0	0.007565578562443339
4653.092302298919	0.5	0.0	0.007230812504799823
4868.038760892083	0.5	0.0	0.006910889421688099
5092.914526075379	0.5	0.0	0.006605148599852771
5328.1782754655915	0.5	0.0	0.006312958961654788
5574.309874982438	0.5	0.0	0.006033717716362396
5831.811357627945	0.5	0.0	0.005766849074493768
6101.2079474798575	0.5	0.0	0.005511803022122289
6383.049130987721	0.5	0.0	0.005268054152216298
6677.909777756777	0.5	0.0	0.005035100550240802
6986.3913131057025	0.5	0.0	0.004812462731392809
7309.1229447899	0.5	0.0	0.004599682626976997
7646.762946392364	0.5	0.0	0.004396322617560415
8000.000000000004	0.5	0.0	0.0042019646106636575
0.1	0.0	0.185	0.999999495984062
0.1046194325112993	0.0	0.185	0.9999994275857479
0.10945225658986313	0.0	0.185	0.9999993488470315
0.114508329715126	0.0	0.185	0.9999992583039159
0.11979796472613237	0.0	0.185	0.9999991542774761
0.1253319508565662	0.0	0.185	0.999999034842997
0.13112157574148012	0.0	0.185	0.9999988977948363
0.13717864844060998	0.0	0.185	0.9999987406062171
0.1435155235252365	0.0	0.185	0.9999985603830814
0.15014512627772272	0.0	0.185	0.999998353811593
0.15708097905512725	0.0	0.185	0.999998117097975
0.16433722887066707	0.0	0.185	0.9999978458997688
0.171928676249287	0.0	0.185	0.9999975352473232
0.17987080541619316	0.0	0.185	0.9999971794541407
0.1881798158799247	0.0	0.185	0.9999967720145805
0.19687265547438512	0.0	0.185	0.999996305487018
0.2059670549272272	0.0	0.185	0.9999957713605909
0.2154815640251012	0.0	0.185	0.9999951599031355
0.225435589449533	0.0	0.185	0.9999944599878557
0.23584943436060396	0.0	0.185	0.9999936588957623
0.24674433980917324	0.0	0.185	0.9999927420906246
0.2581425280621091	0.0	0.185	0.999991692962643
0.2700672479289001	0.0	0.185	0.9999904925366784
0.28254282218209903	0.0	0.185	0.999989119140386
0.29559469716832154	0.0	0.185	0.9999875480267856
0.3092494947109918	0.0	0.185	0.9999857509454012
0.3235350664107001	0.0	0.185	0.9999836956552691
0.3384805504539299	0.0	0.185	0.9999813453722056
0.3541164310460236	0.0	0.185	0.9999786581420813
0.37047460058961645	0.0	0.185	0.9999755861306945
0.3875884247353594	0.0	0.185	0.9999720748198658
0.40549281043761753	0.0	0.185	0.9999680620982802
0.4242242771539541	0.0	0.185	0.9999634772343855
0.44382103133362844	0.0	0.185	0.9999582397173811
0.46432304434703797	0.0	0.185	0.9999522579510259
0.4857721340150598	0.0	0.185	0.999945427783653
0.508212049904584	0.0	0.185	0.9999376308563618
0.5316885625642169	0.0	0.185	0.9999287327500419
0.5562495568821684	0.0	0.185	0.9999185809106166
0.5819451297567417	0.0	0.185	0.9999070023307813
0.6088276922786476	0.0	0.185	0.9998938009655574
0.6369520766335609	0.0	0.185	0.9998787548584911
0.6663756479429677	0.0	0.185	0.9998616129551953
0.6971584212714266	0.0	0.185	0.9998420915815129
0.7293631840389	0.0	0.185	0.9998198705650088
0.7630556240878408	0.0	0.185	0.9997945889810157
0.7983044636662523	0.0	0.185	0.9997658405084577
0.8351815996000048	0.0	0.185	0.9997331683864805
0.8737622499403171	0.0	0.185	0.9996960599709338
0.9141251073855206	0.0	0.185	0.9996539409005257
0.9563524997900371	0.0	0.185	0.9996061688966625
1.0005305580879618	0.0	0.185	0.9995520272390933
1.0467493919737616	0.0	0.185	0.9994907215571228
1.0951032736984254	0.0	0.185	0.9994215249110426
1.1456908303559536	0.0	0.185	0.9993432976374389
1.1986152450523917	0.0	0.185	0.9992549165545495
1.2539844673677318	0.0	0.185	0.9991552693358375
1.3119114335399604	0.0	0.185	0.9990429584300347
1.372514296820358	0.0	0.185	0.9989167202133657
1.435916668469909	0.0	0.185	0.9987750693158738
1.502247869888374	0.0	0.185	0.9986160238487285
1.571643196390299	0.0	0.185	0.9984377521989288
1.6442441931659761	0.0	0.185	0.9982383375046419
1.7201989439902365	0.0	0.185	0.9980162159139162
1.7996623732679489	0.0	0.185	0.9977689469531811
1.8827965620323095	0.0	0.185	0.9974943646072059
1.9697710785404559	0.0	0.185	0.997190170842156
2.0607633241407246	0.0	0.185	0.996854066830025
2.155958895117014	0.0	0.185	0.9964837626651197
2.255551961248299	0.0	0.185	0.9960770248535745
2.359745661855452	0.0	0.185	0.9956317294565264
2.468752520143178	0.0	0.185	0.9951459235577921
2.5827948766821933	0.0	0.185	0.9946178916233113
2.7021053429158233	0.0	0.185	0.994046224990559
2.826927275616033	0.0	0.185	0.9934298906632277
2.957515273256628	0.0	0.185	0.9927682940704083
3.094135695316087	0.0	0.185	0.9920613288486527
3.237067205569236	0.0	0.185	0.9913094049696977
3.3866013404759094	0.0	0.185	0.9905134449335615
3.543043103825952	0.0	0.185	0.9896748363393154
3.7067115888534365	0.0	0.185	0.988795328811691
3.8779406290890313	0.0	0.185	0.9878768671947147
4.057079479278055	0.0	0.185	0.9869213697620132
4.244493527753079	0.0	0.185	0.9859303592112632
4.4405650417141	0.0	0.185	0.984904344602329
4.645693946936433	0.0	0.185	0.9838432032796669
4.860298643496678	0.0	0.185	0.9827444452635289
5.084816859180605	0.0	0.185	0.9816037241401524
5.319706542313622	0.0	0.185	0.9804140838223683
5.5654467958349745	0.0	0.185	0.9791654961104178
5.8225388545208405	0.0	0.185	0.9778453815600656
6.091507107349612	0.0	0.185	0.9764385161833344
6.372900167094628	0.0	0.185	0.9749273280134595
6.667291989326045	0.0	0.185	0.9732931512047882
6.975283043104228	0.0	0.185	0.9715170342499022
7.297501535752533	0.0	0.185	0.9695801769005638
7.634604694207653	0.0	0.185	0.9674650938554844
7.987280105561064	0.0	0.185	0.9651552212156315
8.356247119525895	0.0	0.185	0.9626339058948089
8.742258315689787	0.0	0.185	0.9598831515687495
9.146101038546528	0.0	0.185	0.9568812731908579
9.568599003437432	0.0	0.185	0.9536008540605053
10.010613976678084	0.0	0.185	0.9500069076983353
10.473047533297422	0.0	0.185	0.9460565712118423
10.956842895974395	0.0	0.185	0.9417006907399874
11.462986858923028	0.0	0.185	0.9368861221567861
11.992511800650082	0.0	0.185	0.9315581013075036
12.54649778969072	0.0	0.185	0.9256606218714531
13.126074787617146	0.0	0.185	0.9191346145013995
13.732424953813796	0.0	0.185	0.9119143652838109
14.366785056720046	0.0	0.185	0.9039234570817173
15.030448996458666	0.0	0.185	0.8950739710930963
15.724770443995341	0.0	0.185	0.8852692863639261
16.45116560221244	0.0	0.185	0.8744082701032069
17.211116094528737	0.0	0.185	0.8623872113970809
18.00617198695687	0.0	0.185	0.8490969622162748
18.83795494976283	0.0	0.185	0.8344190133083251
19.70816156517608	0.0	0.185	0.8182255733375936
20.618566787897226	0.0	0.185	0.8003848526692431
21.571027565461318	0.0	0.185	0.780766626723709
22.567486625841564	0.0	0.185	0.7592428405683136
23.60997644001882	0.0	0.185	0.7356863526492065
24.70062336759916	0.0	0.185	0.709975839957555
25.841651993935635	0.0	0.185	0.6820056049697393
27.035389667600317	0.0	0.185	0.6516919006389537
28.284271247461906	0.0	0.185	0.6189767312542709
29.59084406905125	0.0	0.185	0.5838386369940602
30.95777314034488	0.0	0.185	0.5507369750298604
32.38784657756426	0.0	0.185	0.5248645253284902
33.88398129207801	0.0	0.185	0.5056949256443501
35.44922894000685	0.0	0.185	0.492623481310716
37.08678214666644	0.0	0.185	0.48497233646626675
38.7999810185443	0.0	0.185	0.48197594424285356
40.59231995609291	0.0	0.185	0.48276706723247237
42.46745478123529	0.0	0.185	0.48636985999327653
44.42921019412101	0.0	0.185	0.4916987467212208
46.48158757434176	0.0	0.185	0.4975686485852828
48.62877314251897	0.0	0.185	0.5027161409714407
50.87514649891046	0.0	0.185	0.5058388278452606
53.225289556452296	0.0	0.185	0.5056501489163178
55.68399588645626	0.0	0.185	0.500953712604753
58.256280496025774	0.0	0.185	0.4907333462418571
60.94739005713292	0.0	0.185	0.4742555419824537
63.76281360822053	0.0	0.185	0.4518486286874877
66.70829375015786	0.0	0.185	0.434649511554896
69.78983835938568	0.0	0.185	0.42591362554778467
73.0137328421424	0.0	0.185	0.4241090819458841
76.38655295476556	0.0	0.185	0.42710837350107306
79.91517821621885	0.0	0.185	0.4322659639462133
83.60680594020165	0.0	0.185	0.4365846560492069
87.46896591546228	0.0	0.185	0.43698821518861947
91.50953576425847	0.0	0.185	0.4306941443499462
95.73675701029167	0.0	0.185	0.4156826435018648
100.15925188888872	0.0	0.185	0.3995833980254198
104.78604093371824	0.0	0.185	0.3940447416323162
109.62656137591384	0.0	0.185	0.39620922889734783
114.69068639313232	0.0	0.185	0.4013656591201681
119.98874524780891	0.0	0.185	0.4038589267653328
125.53154435568634	0.0	0.185	0.398406052361097
131.33038932758905	0.0	0.185	0.38296017799637605
137.39710802940368	0.0	0.185	0.3746451133507154
143.744074707299	0.0	0.185	0.3757406067735387
150.38423522739438	0.0	0.185	0.3792330610163516
157.3311334813575	0.0	0.185	0.37697795172123666
164.59893901179092	0.0	0.185	0.3636806086446618
172.20247591375534	0.0	0.185	0.35698656175399246
180.15725307137777	0.0	0.185	0.35938781930576363
188.47949579122078	0.0	0.185	0.360092797182343
197.1861788969335	0.0	0.185	0.34928780791871944
206.2950613526873	0.0	0.185	0.3424762223839619
215.82472248601826	0.0	0.185	0.3441738180192356
225.7945998839587	0.0	0.185	0.34071673903787647
236.22502903975655	0.0	0.185	0.32968686139644926
247.13728483104535	0.0	0.185	0.3297519573172031
258.55362491407305	0.0	0.185	0.3273552560704137
270.4973351224967	0.0	0.185	0.31720389082968015
282.9927769633436	0.0	0.185	0.3170361361743168
296.06543730701713	0.0	0.185	0.310576799975461
309.7419803726977	0.0	0.185	0.3049662057879406
324.05030211517646	0.0	0.185	0.30327413094277933
339.01958712404866	0.0	0.185	0.29452164711335327
354.68036815132973	0.0	0.185	0.29313837086668126
371.0645883889084	0.0	0.185	0.2845695822573029
388.20566662286467	0.0	0.185	0.28274333303901605
406.1385653975476	0.0	0.185	0.2747400664938081
424.89986232844615	0.0	0.185	0.2717202084636987
444.5278247093125	0.0	0.185	0.2651273170352279
465.0624875657062	0.0	0.185	0.25926588128763167
486.54573531417384	0.0	0.185	0.25542334003155315
509.02138719361716	0.0	0.185	0.24852120967639924
532.535286643106	0.0	0.185	0.2427792111652732
557.1353948084381	0.0	0.185	0.23843461084808204
582.8718883681751	0.0	0.185	0.23255006366454026
609.7972618786788	0.0	0.185	0.22622787179838574
637.9664348469156	0.0	0.185	0.22020226628865186
667.4368637494114	0.0	0.185	0.21451098442547728
698.2686592258483	0.0	0.185	0.20889378156378968
730.524708686341	0.0	0.185	0.20322958257604365
764.2708045824718	0.0	0.185	0.1974425741544706
799.5757786037235	0.0	0.185	0.1916282694925996
836.5116420730187	0.0	0.185	0.18588055875991155
875.1537328277436	0.0	0.185	0.18030834922729747
915.5808688858381	0.0	0.185	0.17484674948742465
957.8755092103873	0.0	0.185	0.16919604277184905
1002.1239219006261	0.0	0.185	0.1633348926124833
1048.4163601524103	0.0	0.185	0.15802110912894118
1096.8472463470719	0.0	0.185	0.15241403110710505
1147.5153646441202	0.0	0.185	0.1471336964130582
1200.5240624706457	0.0	0.185	0.14170583314513993
1255.9814613183862	0.0	0.185	0.13662623782275943
1314.0006772784202	0.0	0.185	0.1314851152346649
1374.7000517633128	0.0	0.185	0.12643240445244855
1438.2033928873145	0.0	0.185	0.12152630950151273
1504.6402279969614	0.0	0.185	0.1167552227378416
1574.1460678671413	0.0	0.185	0.11211669459797693
1646.862683101536	0.0	0.185	0.10761251355914497
1722.9383933011848	0.0	0.185	0.10321851309704914
1802.5283695909982	0.0	0.185	0.09893341484508798
1885.7949511212785	0.0	0.185	0.0948295705945447
1972.9079761898142	0.0	0.185	0.09082653780835316
2064.045128659944	0.0	0.185	0.08697312453652659
2159.3923003811515	0.0	0.185	0.0832636123779299
2259.143970351453	0.0	0.185	0.07968617923598943
2363.5036013949266	0.0	0.185	0.07624191042866707
2472.6840551634946	0.0	0.185	0.0729347528560172
2586.9080263094315	0.0	0.185	0.06975901527435066
2706.4084967141785	0.0	0.185	0.0667082325894581
2831.429210699961	0.0	0.185	0.06378368196950517
2962.225172193461	0.0	0.185	0.06098184386302293
3099.063164855658	0.0	0.185	0.05829814595971038
3242.2222962387027	0.0	0.185	0.05572924202169661
3391.994567079749	0.0	0.185	0.053270199007997884
3548.6854668929377	0.0	0.185	0.05091805532258999
3712.614597074341	0.0	0.185	0.04866813265457066
3884.116322790838	0.0	0.185	0.046516706906448574
4063.5404549825216	0.0	0.185	0.0444597147400912
4251.252963869785	0.0	0.185	0.04249339617426195
4447.636725420362	0.0	0.185	0.04061378313604907
4653.092302298919	0.0	0.185	0.038817207697985
4868.038760892083	0.0	0.185	0.03710008792699906
5092.914526075379	0.0	0.185	0.03545896083157563
5328.1782754655915	0.0	0.185	0.03389049248648541
5574.309874982438	0.0	0.185	0.03239148098223316
5831.811357627945	0.0	0.185	0.030958856503208308
6101.2079474798575	0.0	0.185	0.029589683613410557
6383.049130987721	0.0	0.185	0.02828114776369515
6677.909777756777	0.0	0.185	0.02703055979707132
6986.3913131057025	0.0	0.185	0.025835348215256525
7309.1229447899	0.0	0.185	0.024693055419879345
7646.762946392364	0.0	0.185	0.023601333112201184
8000.000000000004	0.0	0.185	0.022557936763166413
0.1	0.5	0.185	0.9999960838625496
0.1046194325112993	0.5	0.185	0.9999957197096313
0.10945225658986313	0.5	0.185	0.9999953152011847
0.114508329715126	0.5	0.185	0.9999948662542905
0.11979796472613237	0.5	0.185	0.9999943683111938
0.1253319508565662	0.5	0.185	0.9999938162860594
0.13112157574148012	0.5	0.185	0.9999932045052429
0.13717864844060998	0.5	0.185	0.9999925266401093
0.1435155235252365	0.5	0.185	0.999991775631536
0.15014512627772272	0.5	0.185	0.9999909436052128
0.15708097905512725	0.5	0.185	0.9999900217764386
0.16433722887066707	0.5	0.185	0.9999890003430469
0.171928676249287	0.5	0.185	0.9999878683651696
0.17987080541619316	0.5	0.185	0.9999866136301877
0.1881798158799247	0.5	0.185	0.9999852225008016
0.19687265547438512	0.5	0.185	0.9999836797442787
0.2059670549272272	0.5	0.185	0.9999819683405449
0.2154815640251012	0.5	0.185	0.9999800692663423
0.225435589449533	0.5	0.185	0.9999779612525045
0.23584943436060396	0.5	0.185	0.9999756205110201
0.24674433980917324	0.5	0.185	0.9999730204281027
0.2581425280621091	0.5	0.185	0.9999701312189438
0.2700672479289001	0.5	0.185	0.9999669195395148
0.28254282218209903	0.5	0.185	0.9999633480500285
0.29559469716832154	0.5	0.185	0.9999593749240484
0.3092494947109918	0.5	0.185	0.9999549532966632
0.3235350664107001	0.5	0.185	0.9999500306443063
0.3384805504539299	0.5	0.185	0.9999445480878661
0.3541164310460236	0.5	0.185	0.999938439609923
0.37047460058961645	0.5	0.185	0.9999316311759088
0.3875884247353594	0.5	0.185	0.999924039747866
0.40549281043761753	0.5	0.185	0.999915572178365
0.4242242771539541	0.5	0.185	0.9999061239708626
0.44382103133362844	0.5	0.185	0.999895577891487
0.46432304434703797	0.5	0.185	0.999883802415814
0.4857721340150598	0.5	0.185	0.9998706499929234
0.508212049904584	0.5	0.185	0.9998559551074763
0.5316885625642169	0.5	0.185	0.9998395321192648
0.5562495568821684	0.5	0.185	0.9998211728583988
0.5819451297567417	0.5	0.185	0.9998006439531011
0.6088276922786476	0.5	0.185	0.9997776838662824
0.6369520766335609	0.5	0.185	0.9997519996164077
0.6663756479429677	0.5	0.185	0.9997232631582611
0.6971584212714266	0.5	0.185	0.9996911073998076
0.7293631840389	0.5	0.185	0.999655121832833
0.7630556240878408	0.5	0.185	0.9996148477578296
0.7983044636662523	0.5	0.185	0.9995697730877093
0.8351815996000048	0.5	0.185	0.9995193267210446
0.8737622499403171	0.5	0.185	0.9994628724838702
0.9141251073855206	0.5	0.185	0.9993997026502942
0.9563524997900371	0.5	0.185	0.9993290310668518
1.0005305580879618	0.5	0.185	0.9992499859243008
1.0467493919737616	0.5	0.185	0.9991616068379545
1.0951032736984254	0.5	0.185	0.9990630286901726
1.1456908303559536	0.5	0.185	0.998952875724813
1.1986152450523917	0.5	0.185	0.9988298060777357
1.2539844673677318	0.5	0.185	0.9986925056664644
1.3119114335399604	0.5	0.185	0.9985393146062905
1.372514296820358	0.5	0.185	0.998368769894952
1.435916668469909	0.5	0.185	0.9981790346861101
1.502247869888374	0.5	0.185	0.9979676212216078
1.571643196390299	0.5	0.185	0.9977329071470891
1.6442441931659761	0.5	0.185	0.9974725305867045
1.7201989439902365	0.5	0.185	0.9971844078896052
1.7996623732679489	0.5	0.185	0.9968655608100032
1.8827965620323095	0.5	0.185	0.996513775650496
1.9697710785404559	0.5	0.185	0.9961261238754575
2.0607633241407246	0.5	0.185	0.9957000026651891
2.155958895117014	0.5	0.185	0.9952326125401934
2.255551961248299	0.5	0.185	0.9947212862835876
2.359745661855452	0.5	0.185	0.9941634075168986
2.468752520143178	0.5	0.185	0.9935565365018818
2.5827948766821933	0.5	0.185	0.9928984521737142
2.7021053429158233	0.5	0.185	0.992187236484184
2.826927275616033	0.5	0.185	0.9914213435488938
2.957515273256628	0.5	0.185	0.9905996695834322
3.094135695316087	0.5	0.185	0.9897216090649513
3.237067205569236	0.5	0.185	0.9887870912651622
3.3866013404759094	0.5	0.185	0.987796586264983
3.543043103825952	0.5	0.185	0.9867510692071024
3.7067115888534365	0.5	0.185	0.9856519309654286
3.8779406290890313	0.5	0.185	0.9845008279898563
4.057079479278055	0.5	0.185	0.9832994918777792
4.244493527753079	0.5	0.185	0.9820493391539402
4.4405650417141	0.5	0.185	0.980750913724133
4.645693946936433	0.5	0.185	0.9794043288975712
4.860298643496678	0.5	0.185	0.9780076598255423
5.084816859180605	0.5	0.185	0.9765568251948571
5.319706542313622	0.5	0.185	0.9750460531510311
5.5654467958349745	0.5	0.185	0.9734666747937584
5.8225388545208405	0.5	0.185	0.9718077872997034
6.091507107349612	0.5	0.185	0.9700562884853966
6.372900167094628	0.5	0.185	0.968197518798343
6.667291989326045	0.5	0.185	0.966216350310976
6.975283043104228	0.5	0.185	0.9640977848633322
7.297501535752533	0.5	0.185	0.9618285298157776
7.634604694207653	0.5	0.185	0.9593969388981995
7.987280105561064	0.5	0.185	0.9567940947076556
8.356247119525895	0.5	0.185	0.9540123706486525
8.742258315689787	0.5	0.185	0.9510442633458495
9.146101038546528	0.5	0.185	0.9478803998352666
9.568599003437432	0.5	0.185	0.9445077584735327
10.010613976678084	0.5	0.185	0.9409082012093423
10.473047533297422	0.5	0.185	0.937058074595916
10.956842895974395	0.5	0.185	0.9329307342431767
11.462986858923028	0.5	0.185	0.9284987811999584
11.992511800650082	0.5	0.185	0.9237368255892315
12.54649778969072	0.5	0.185	0.9186225621247471
13.126074787617146	0.5	0.185	0.9131352237610142
13.732424953813796	0.5	0.185	0.9072522960788948
14.366785056720046	0.5	0.185	0.9009457561972983
15.030448996458666	0.5	0.185	0.8941822517399414
15.724770443995341	0.5	0.185	0.8869258110722533
16.45116560221244	0.5	0.185	0.8791423759355863
17.211116094528737	0.5	0.185	0.8708019795992582
18.00617198695687	0.5	0.185	0.8618761399036464
18.83795494976283	0.5	0.185	0.8523337165016452
19.70816156517608	0.5	0.185	0.8421403408071718
20.618566787897226	0.5	0.185	0.8312630499356617
21.571027565461318	0.5	0.185	0.8196747647361582
22.567486625841564	0.5	0.185	0.8073526873693931
23.60997644001882	0.5	0.185	0.7942749669561951
24.70062336759916	0.5	0.185	0.7804219570961126
25.841651993935635	0.5	0.185	0.765781618516546
27.035389667600317	0.5	0.185	0.7503500214460361
28.284271247461906	0.5	0.185	0.7341284202323413
29.59084406905125	0.5	0.185	0.7171254136039766
30.95777314034488	0.5	0.185	0.6993605371487208
32.38784657756426	0.5	0.185	0.6808625730460554
33.88398129207801	0.5	0.185	0.6616694496571648
35.44922894000685	0.5	0.185	0.6418308555206272
37.08678214666644	0.5	0.185	0.6214067886689559
38.7999810185443	0.5	0.185	0.6004672973897176
40.59231995609291	0.5	0.185	0.5790929877457908
42.46745478123529	0.5	0.185	0.5573730062285608
44.42921019412101	0.5	0.185	0.5354046659709757
46.48158757434176	0.5	0.185	0.5132914440968552
48.62877314251897	0.5	0.185	0.49114139288644015
50.87514649891046	0.5	0.185	0.4690649646241984
53.225289556452296	0.5	0.185	0.4471728464309833
55.68399588645626	0.5	0.185	0.42557373667612625
58.256280496025774	0.5	0.185	0.40437182149513023
60.94739005713292	0.5	0.185	0.3836648705875901
63.76281360822053	0.5	0.185	0.3638388060061833
66.70829375015786	0.5	0.185	0.34566097307848814
69.78983835938568	0.5	0.185	0.32895662586108565
73.0137328421424	0.5	0.185	0.31351912840108775
76.38655295476556	0.5	0.185	0.2991673708110104
79.91517821621885	0.5	0.185	0.2857440965498441
83.60680594020165	0.5	0.185	0.2731154292701075
87.46896591546228	0.5	0.185	0.26116871468954644
91.50953576425847	0.5	0.185	0.24981123550057982
95.73675701029167	0.5	0.185	0.23896810029697305
100.15925188888872	0.5	0.185	0.22858033612867762
104.78604093371824	0.5	0.185	0.21860272762318333
109.62656137591384	0.5	0.185	0.20900183157249033
114.69068639313232	0.5	0.185	0.1997539159160282
119.98874524780891	0.5	0.185	0.1908429814260999
125.53154435568634	0.5	0.185	0.1822588678323612
131.33038932758905	0.5	0.185	0.17399565941366626
137.39710802940368	0.5	0.185	0.16605013396370102
143.744074707299	0.5	0.185	0.1584202085558358
150.38423522739438	0.5	0.185	0.15110417171918497
157.3311334813575	0.5	0.185	0.1440995446134976
164.59893901179092	0.5	0.185	0.13740268617331747
172.20247591375534	0.5	0.185	0.13100830487468682
180.15725307137777	0.5	0.185	0.12490941672310357
188.47949579122078	0.5	0.185	0.11909745316897231
197.1861788969335	0.5	0.185	0.1135629520825529
206.2950613526873	0.5	0.185	0.10829898601693545
215.82472248601826	0.5	0.185	0.10329149814367806
225.7945998839587	0.5	0.185	0.09852572250083445
236.22502903975655	0.5	0.185	0.09398847933839778
247.13728483104535	0.5	0.185	0.08966779852648955
258.55362491407305	0.5	0.185	0.08555264333287542
270.4973351224967	0.5	0.185	0.08163270513473342
282.9927769633436	0.5	0.185	0.07789827341628368
296.06543730701713	0.5	0.185	0.07434015089851279
309.7419803726977	0.5	0.185	0.07094960763003844
324.05030211517646	0.5	0.185	0.067718357193705
339.01958712404866	0.5	0.185	0.06463854599950315
354.68036815132973	0.5	0.185	0.06170269558622088
371.0645883889084	0.5	0.185	0.05890372755905788
388.20566662286467	0.5	0.185	0.056234946388460584
406.1385653975476	0.5	0.185	0.053690013035493186
424.89986232844615	0.5	0.185	0.051262922145311536
444.5278247093125	0.5	0.185	0.04894798202030172
465.0624875657062	0.5	0.185	0.04673979633138145
486.54573531417384	0.5	0.185	0.04463324697382549
509.02138719361716	0.5	0.185	0.04262347829269448
532.535286643106	0.5	0.185	0.04070588224291345
557.1353948084381	0.5	0.185	0.038876084379839825
582.8718883681751	0.5	0.185	0.03712993077855499
609.7972618786788	0.5	0.185	0.035463475794134836
637.9664348469156	0.5	0.185	0.0338729705982679
667.4368637494114	0.5	0.185	0.03235485243348571
698.2686592258483	0.5	0.185	0.030905734532160063
730.524708686341	0.5	0.185	0.02952239665355929
764.2708045824718	0.5	0.185	0.028201776195274194
799.5757786037235	0.5	0.185	0.026940959838724347
836.5116420730187	0.5	0.185	0.02573717569174379
875.1537328277436	0.5	0.185	0.02458778589420157
915.5808688858381	0.5	0.185	0.023490279655296837
957.8755092103873	0.5	0.185	0.022442266693613735
1002.1239219006261	0.5	0.185	0.021441471053248888
1048.4163601524103	0.5	0.185	0.020485725271360968
1096.8472463470719	0.5	0.185	0.019572964874353536
1147.5153646441202	0.5	0.185	0.01870122318160082
1200.5240624706457	0.5	0.185	0.01786862639718441
1255.9814613183862	0.5	0.185	0.01707338897153529
1314.0006772784202	0.5	0.185	0.01631380921618379
1374.7000517633128	0.5	0.185	0.01558826515602013
1438.2033928873145	0.5	0.185	0.014895210604571985
1504.6402279969614	0.5	0.185	0.014233171448819738
1574.1460678671413	0.5	0.185	0.013600742131003526
1646.862683101536	0.5	0.185	0.012996582315736313
1722.9383933011848	0.5	0.185	0.012419413731528061
1802.5283695909982	0.5	0.185	0.011868017176559902
1885.7949511212785	0.5	0.185	0.01134122967922146
1972.9079761898142	0.5	0.185	0.010837941804546789
2064.045128659944	0.5	0.185	0.010357095098264954
2159.3923003811515	0.5	0.185	0.009897679660713301
2259.143970351453	0.5	0.185	0.009458731843356029
2363.5036013949266	0.5	0.185	0.009039332061111025
2472.6840551634946	0.5	0.185	0.008638602714113241
2586.9080263094315	0.5	0.185	0.008255706212937594
2706.4084967141785	0.5	0.185	0.007889843101672083
2831.429210699961	0.5	0.185	0.007540250273573844
2962.225172193461	0.5	0.185	0.007206199274357591
3099.063164855658	0.5	0.185	0.006886994688463057
3242.2222962387027	0.5	0.185	0.006581972603923631
3391.994567079749	0.5	0.185	0.006290499151714931
3548.6854668929377	0.5	0.185	0.006011969115703206
3712.614597074341	0.5	0.185	0.005745804609537236
3884.116322790838	0.5	0.185	0.0054914538170361404
4063.5404549825216	0.5	0.185	0.0052483897928229505
4251.252963869785	0.5	0.185	0.005016109320136465
4447.636725420362	0.5	0.185	0.004794131822924037
4653.092302298919	0.5	0.185	0.0045819983294818995
4868.038760892083	0.5	0.185	0.004379270485057287
5092.914526075379	0.5	0.185	0.0041855296109701914
5328.1782754655915	0.5	0.185	0.004000375807944221
5574.309874982438	0.5	0.185	0.0038234271014602117
5831.811357627945	0.5	0.185	0.0036543186270656903
6101.2079474798575	0.5	0.185	0.003492701853680272
6383.049130987721	0.5	0.185	0.0033382438430427748
6677.909777756777	0.5	0.185	0.003190626543542826
6986.3913131057025	0.5	0.185	0.003049546116771261
7309.1229447899	0.5	0.185	0.0029147122952102667
7646.762946392364	0.5	0.185	0.002785847769565811
8000.000000000004	0.5	0.185	0.0026626876043216235
