tspan	CoRaDyn(bC)
1.0	0.9989204488573817
1.7028861970519966	0.9956399284951437
2.899821400110211	0.9851497346127749
4.938065836163673	0.9655570385112094
8.408964152537145	0.9428036725917718
14.319508986860544	0.9155574095237302
24.384494202286838	0.8953444851906627
41.52401859916869	0.8552570651612285
70.71067811865474	0.806430873712358
120.4122377524438	0.690837207574692
205.0483376247799	0.5985176853328911
349.17398386969523	0.4887527640285559
594.6035575013605	0.40705767562289785
1012.5421907870799	0.36912109273788707
1724.2441206241076	0.35995929469367016
2936.1915133588504	0.35920953192714383
4999.999999999999	0.35919943435367035
